0
1017266580
104983832
1081228083
1081954141
1122450761
1131812723
1178727191
1350228116
1357343605
1421134289
1447724063
1461113096
1600328193
1628554459
16500010
1715719024
1873952626
19913283
1994854644
203039143
213441558
2267025732
2289914935
2357847038
2573116818
2653120201
2931446809
3029125695
3090331193
3159482895
3434724606
3471431647
3541609199
3575825406
3601388065
3628252758
3632669033
3641692078
3694604647
3817661764
3879139826
3935815178
3982806036
421208123
4256214378
4267069497
508960638
544521629
584751270
693517848
779601008
809469417
825112619
