4273958362
906448398
4185159514
875969379
2413225066
2370764116
534101553
3637848969
942521988
2004836561
1270273108
4189128720
3540382066
670785982
1602722026
450841444
995823487
1659817747
1177901058
3893246598
1225486477
223061766
1401225578
2432373368
2333752989
472678494
2020921055
2147014128
4233967713
105229588
2180458902
905344850
1619138621
1219984529
361874841
2375518058
3139322051
1889234203
358960393
1997102625
431970961
3053602229
1188477055
717337930
2164032059
1682478113
1944414678
120271360
2407176890
2783650692
2278005009
969389545
2770289398
6661795
3090095005
316436169
3910605029
892581715
3490923972
2444886342
3103210292
2367122592
802817511
2554418800
3691217007
4219408801
1063505083
3019498212
3641022057
3932922864
1413714932
2784119950
2203897817
3118977869
4084525630
1016613996
739727514
1425492074
309114564
3043269087
2874215831
1691959002
1538392202
3915953796
877216795
1906586216
1035239382
2349382548
3720840945
2186551871
3103586981
1647097219
3252548137
89710711
1301060099
3817834596
3974729706
1947461095
4058629413
3727429231
4187434751
3843949249
2624692402
1507862937
1923108802
1471170071
1696998628
915174859
117211786
3345664226
2630412768
720694322
3819346656
505156376
3488902713
3426708888
2930712353
1159875321