1016613996
1035239382
105229588
1063505083
1177901058
1225486477
1270273108
1401225578
1413714932
1425492074
1538392202
1602722026
1659817747
1691959002
1906586216
2004836561
2020921055
2147014128
2180458902
2203897817
223061766
2333752989
2349382548
2370764116
2413225066
2432373368
2784119950
2874215831
3019498212
3043269087
309114564
3118977869
3540382066
3637848969
3641022057
3691217007
3893246598
3915953796
3932922864
4084525630
4185159514
4189128720
4219408801
4233967713
4273958362
450841444
472678494
534101553
670785982
739727514
875969379
877216795
906448398
942521988
995823487
