4273958362
906448398
4185159514
875969379
2413225066
2370764116
534101553
3637848969
942521988
2004836561
1270273108
4189128720
3540382066
670785982
1602722026
450841444
995823487
1659817747
1177901058
3893246598
1225486477
223061766
1401225578
2432373368
2333752989
472678494
2020921055
2147014128
4233967713
105229588
4273958362
906448398
4185159514
875969379
2413225066
2370764116
534101553
3637848969
942521988
2004836561
1270273108
4189128720
3540382066
670785982
1602722026
450841444
995823487
1659817747
1177901058
3893246598
1225486477
223061766
1401225578
2432373368
2333752989
472678494
2020921055
2147014128
4233967713
105229588
4273958362
906448398
4185159514
875969379
2413225066
2370764116
534101553
3637848969
942521988
2004836561
1270273108
4189128720
3540382066
670785982
1602722026
450841444
995823487
1659817747
1177901058
3893246598
1225486477
223061766
1401225578
2432373368
2333752989
472678494
2020921055
2147014128
4233967713
105229588
4273958362
906448398
4185159514
875969379
2413225066
2370764116
534101553
3637848969
942521988
2004836561
1270273108
4189128720
3540382066
670785982
1602722026
450841444
995823487
1659817747
1177901058
3893246598
1225486477
223061766
1401225578
2432373368
2333752989
472678494
2020921055
2147014128
4233967713
105229588
3691217007
4273958362
906448398
4185159514
875969379
2413225066
2370764116
534101553
3637848969
942521988
2004836561
1270273108
4189128720
3540382066
670785982
1602722026
450841444
995823487
1659817747
1177901058
3893246598
1225486477
223061766
1401225578
2432373368
2333752989
472678494
2020921055
2147014128
4233967713
105229588
4219408801
1063505083
3691217007
4273958362
906448398
4185159514
875969379
2413225066
2370764116
534101553
3637848969
942521988
2004836561
1270273108
4189128720
3540382066
670785982
1602722026
450841444
995823487
1659817747
1177901058
3893246598
1225486477
223061766
1401225578
2432373368
2333752989
472678494
2020921055
2147014128
4233967713
105229588
3019498212
3691217007
3641022057
4189128720
995823487
1659817747
4219408801
2180458902
3932922864
1413714932
2784119950
2203897817
3118977869
4084525630
4189128720
995823487
1659817747
472678494
1016613996
739727514
4189128720
1425492074
309114564
3043269087
2874215831
1691959002
1538392202
3915953796
877216795
1906586216
1035239382
2349382548
3720840945