0
1004728074
1017266580
104983832
105229588
1081228083
1081954141
1122450761
1131812723
1155425596
1177901058
1178727191
1225486477
1270273108
1334263530
1350228116
1351632722
1357343605
1401225578
1421134289
1447724063
1461113096
1484142220
1600328193
1602722026
1606603300
1628554459
16500010
1659817747
1715719024
1873952626
19913283
1994854644
2004836561
2020921055
203039143
2114182719
213441558
2147014128
223061766
2267025732
2289914935
2333752989
2357847038
2370764116
2413225066
2432373368
2573116818
2643791617
2653120201
2834988863
2857040360
2931446809
2975103228
3029125695
3090331193
3159482895
3249773322
3434724606
3471431647
3540382066
3541609199
3575825406
3601388065
3628252758
3632669033
3637848969
3641692078
3672734274
3694604647
3817661764
3879139826
3893246598
3935815178
393714603
3982806036
4066632199
4185159514
4189128720
421208123
4233967713
4256214378
4267069497
4273958362
450841444
472678494
500855846
508960638
534101553
544521629
584751270
670785982
693517848
767686818
779601008
809469417
825112619
828605126
859906857
875969379
906448398
911835617
942521988
995823487
3655687608
3423893682
773709529
1714642760
3844657989
631594499
3574747766
2814632016
2421159727
2204356204
649209146
376561994
2148314896
273417305
782495120
3996600343
3810783117
4087604842
1051725899
789922051
2331924788
2017981767
4075576870
679773368
4290341734
1914717017
3270076323
3792277781
2740470963
4574962
2429334541
1370767770
1133894051