104983832
19913283
3471431647
3935815178
1484142220
1081954141
1004728074
3632669033
4066632199
1351632722
1606603300
1017266580
1350228116
508960638
3575825406
1421134289
828605126
2975103228
213441558
544521629
1873952626
1715719024
1081228083
2834988863
1334263530
584751270
3434724606
3982806036
2573116818
3249773322
393714603
911835617
500855846
3672734274
1155425596
2267025732
767686818
2857040360
2643791617
2114182719
859906857
3029125695
2357847038
2653120201
4273958362
906448398
4185159514
875969379
2413225066
2370764116
534101553
3637848969
942521988
2004836561
1270273108
4189128720
3540382066
670785982
1602722026
450841444
995823487
1659817747
1177901058
3893246598
1225486477
223061766
1401225578
2432373368
2333752989
472678494
2020921055
2147014128
4233967713
105229588
3655687608
779601008
2931446809
3879139826
1994854644
3541609199
2289914935
3423893682
773709529
1714642760
3844657989
631594499
3574747766
3601388065
3641692078
1600328193
1178727191
1122450761
3694604647
3090331193
2814632016
2421159727
2204356204
203039143
649209146
376561994
2148314896
3817661764
1461113096
273417305
782495120
3996600343
4256214378
1628554459
1131812723
1447724063
421208123
4267069497
3159482895
825112619
16500010
3810783117
4087604842
1051725899
789922051
2331924788
2017981767
4075576870
679773368
4290341734
1914717017
3270076323
3792277781
2740470963
809469417
693517848
4574962
2429334541
1370767770
1133894051