3655687608
779601008
2931446809
3879139826
1994854644
3541609199
2289914935
3423893682
773709529
1714642760
3844657989
631594499
3574747766
3601388065
3641692078
1600328193
1178727191
1122450761
3694604647
3090331193
2814632016
2421159727
2204356204
203039143
649209146
376561994
2148314896
3817661764
1461113096
273417305
782495120
3996600343
4256214378
1628554459
1131812723
1447724063
421208123
4267069497
3159482895
825112619
16500010
3810783117
4087604842
1051725899
789922051
2331924788
2017981767
4075576870
679773368
4290341734
1914717017
3270076323
3792277781
2740470963
809469417
693517848
4574962
2429334541
1370767770
1133894051